TEMP
3.481451048352676025e+02
3.481453250782892610e+02
3.481450564383150095e+02
3.481447885313672259e+02
3.481448278494213469e+02
3.481451146486462562e+02
3.481453463304944194e+02
3.481454873546438193e+02
3.481457130656916092e+02
3.481459794253365772e+02
3.481461637413645462e+02
3.481462101285715107e+02
3.481461829851438097e+02
3.481460233289377584e+02
3.481457924707363532e+02
3.481454851116631062e+02
3.481448561933329415e+02
3.481430775804988116e+02
3.481419095206157408e+02
3.481414821510167030e+02
3.481446959751459076e+02
3.481452206468354689e+02
3.481452685557995324e+02
3.481449138138575563e+02
3.481447608067781516e+02
3.481449232453845752e+02
3.481452041870253993e+02
3.481453794207941996e+02
3.481454843822153293e+02
3.481455289244146343e+02
3.481454982068536879e+02
3.481454645288795859e+02
3.481454199434862744e+02
3.481453755697805832e+02
3.481453345247892912e+02
3.481452037899391598e+02
3.481442454250843070e+02
3.481424741364994020e+02
3.481415300124241412e+02
3.481411448593018463e+02
3.481443552995386881e+02
3.481448562255772572e+02
3.481452895786213730e+02
3.481451079540279920e+02
3.481447892047513619e+02
3.481447813401908888e+02
3.481449735808465107e+02
3.481451470349979900e+02
3.481451642198648528e+02
3.481450993530373239e+02
3.481450450833014543e+02
3.481450134926171813e+02
3.481449679142059495e+02
3.481449042047893272e+02
3.481448472569845194e+02
3.481446061877496163e+02
3.481432661367200581e+02
3.481421042108394772e+02
3.481415558932065437e+02
3.481411470930966630e+02
3.481441882025519590e+02
3.481444240180126144e+02
3.481449686085506983e+02
3.481452563650382785e+02
3.481449573862829538e+02
3.481447376392886213e+02
3.481446492959061061e+02
3.481446014712468582e+02
3.481444757277606641e+02
3.481442868910697825e+02
3.481441566019526022e+02
3.481441293651339492e+02
3.481441073543164180e+02
3.481440359808233325e+02
3.481440861513141272e+02
3.481441541586463586e+02
3.481434819208051294e+02
3.481421548690961458e+02
3.481417360078836509e+02
3.481414188826295231e+02
3.481441997490782683e+02
3.481441539672389922e+02
3.481444690560971935e+02
3.481450751100980483e+02
3.481451556341160654e+02
3.481447428604225252e+02
3.481443928611955130e+02
3.481441069562067696e+02
3.481438728889272625e+02
3.481436389373969291e+02
3.481435180998553278e+02
3.481434966869894652e+02
3.481434575888104632e+02
3.481434008463461396e+02
3.481434793256238436e+02
3.481438114579180478e+02
3.481439995820052218e+02
3.481428250175482049e+02
3.481422371204640172e+02
3.481418213303556399e+02
3.481442718966188750e+02
3.481441067834408045e+02
3.481441412627465866e+02
3.481446437607908138e+02
3.481448640540469910e+02
3.481444126818768154e+02
3.481438759055088212e+02
3.481433616656742629e+02
3.481429491013894335e+02
3.481426404815030082e+02
3.481426039571663864e+02
3.481426896119455705e+02
3.481427345578232462e+02
3.481427342287686884e+02
3.481428574703427330e+02
3.481432807626875956e+02
3.481440517655405529e+02
3.481437848264757804e+02
3.481428684590611056e+02
3.481422674785425215e+02
3.481442954866748778e+02
3.481441247834058572e+02
3.481439621804457261e+02
3.481442049157007546e+02
3.481441661648606214e+02
3.481436016561333986e+02
3.481428433074590316e+02
3.481422444402427914e+02
3.481421062830312394e+02
3.481420918140303229e+02
3.481421303545183719e+02
3.481422123374682656e+02
3.481422494016992459e+02
3.481422658206244023e+02
3.481421069962773913e+02
3.481427267524587137e+02
3.481436207325763235e+02
3.481443163677105872e+02
3.481437562241348473e+02
3.481428105236785768e+02
3.481442436613208429e+02
3.481440218912554201e+02
3.481437947486888902e+02
3.481437634560652441e+02
3.481433305893276042e+02
3.481424883117053923e+02
3.481419521805727868e+02
3.481417834893113081e+02
3.481417904357602993e+02
3.481417556191439644e+02
3.481418152528647738e+02
3.481418842142556969e+02
3.481417190831546691e+02
3.481391044450380150e+02
3.481247098058042297e+02
3.481395879367746033e+02
3.481428752298422751e+02
3.481442028186748416e+02
3.481442574581806184e+02
3.481437398263976775e+02
3.481440583067731041e+02
3.481438000055472912e+02
3.481435505111356861e+02
3.481431577473903758e+02
3.481423263245466160e+02
3.481417465811244938e+02
3.481415819816700719e+02
3.481415057032231175e+02
3.481415818028490889e+02
3.481417546919473125e+02
3.481418563831931579e+02
3.481408111072427687e+02
3.481297964698078431e+02
3.480428469636165119e+02
3.476424177942535607e+02
3.480499846532707124e+02
3.481347541430887986e+02
3.481433693762250527e+02
3.481441838672499216e+02
3.481442954975296971e+02
3.481438301259336185e+02
3.481435240922075423e+02
3.481432264898605240e+02
3.481423665722335841e+02
3.481416167117598093e+02
3.481413884302764927e+02
3.481412859189693449e+02
3.481413301499702015e+02
3.481415471957985233e+02
3.481414496503608689e+02
3.481364869746461750e+02
3.480919505325470027e+02
3.478134703001290973e+02
3.464805835147029711e+02
3.418398158093573329e+02
3.464730097446813488e+02
3.478894948190282435e+02
3.481231265271736675e+02
3.481428172218425630e+02
3.481441097069266561e+02
3.481435802755951272e+02
3.481432239442233936e+02
3.481428938510414355e+02
3.481418227525793441e+02
3.481412938663568184e+02
3.481411279699049146e+02
3.481411002288306236e+02
3.481412230483949770e+02
3.481414830235028148e+02
3.481417263431683864e+02
3.481414635429431428e+02
3.481378131635958084e+02
3.481182741121298250e+02
3.480304242387312570e+02
3.476796345615542236e+02
3.480388871573285314e+02
3.481296155019156231e+02
3.481419122396779358e+02
3.481431982652840702e+02
3.481437670982990085e+02
3.481432771204387677e+02
3.481429269442820669e+02
3.481426721485469784e+02
3.481417377030274451e+02
3.481411811486677834e+02
3.481410569915596511e+02
3.481411035994972281e+02
3.481412179397200362e+02
3.481413679746397065e+02
3.481415411023004367e+02
3.481416254503024561e+02
3.481414536930034274e+02
3.481405303174038863e+02
3.481371621120502482e+02
3.481245305765896205e+02
3.481380842806706823e+02
3.481417326806172241e+02
3.481425347828093777e+02
3.481428812231754932e+02
3.481433912449058994e+02
3.481429512396511541e+02
3.481426229161777997e+02
3.481424221673774468e+02
3.481420269459411543e+02
3.481413216680138021e+02
3.481411276887819781e+02
3.481411919418208072e+02
3.481412818176852397e+02
3.481413723214433844e+02
3.481414340627117099e+02
3.481414148479668142e+02
3.481413581237886774e+02
3.481413239156370310e+02
3.481412657290418906e+02
3.481409405887670800e+02
3.481415399497672070e+02
3.481418569451270173e+02
3.481422009439244789e+02
3.481425330117381804e+02
3.481430053429721738e+02
3.481426232982288411e+02
3.481423233823126111e+02
3.481420956438109897e+02
3.481420768290801107e+02
3.481418124265027814e+02
3.481414684777932393e+02
3.481413489194692374e+02
3.481413534394891940e+02
3.481413730868220000e+02
3.481413541340867823e+02
3.481412715414361401e+02
3.481411946793581365e+02
3.481411788612961686e+02
3.481412042145039436e+02
3.481412574943656182e+02
3.481413845968319833e+02
3.481415598472156603e+02
3.481418564494161387e+02
3.481422076567247927e+02
3.481426372078232134e+02
3.481422763053689664e+02
3.481420103382331490e+02
3.481417500975375674e+02
3.481417228711846974e+02
3.481417777613519320e+02
3.481417342624254161e+02
3.481416372728035640e+02
3.481415032063204649e+02
3.481413448951407190e+02
3.481411854961013432e+02
3.481410598436070813e+02
3.481409803211195140e+02
3.481409532834881020e+02
3.481409807761787647e+02
3.481410478274774505e+02
3.481411487832652938e+02
3.481412891701761509e+02
3.481415794967682018e+02
3.481419148504779741e+02
3.481423065087896589e+02
3.481418975079719189e+02
3.481416477267268306e+02
3.481414018988427301e+02
3.481412989614393041e+02
3.481413502048112036e+02
3.481414361457739801e+02
3.481414596169472588e+02
3.481413716980665640e+02
3.481411834670915368e+02
3.481409811219705830e+02
3.481408343466151791e+02
3.481407128640508404e+02
3.481406322021479127e+02
3.481406790225431678e+02
3.481407830224771374e+02
3.481409038674020167e+02
3.481410489323725415e+02
3.481413617092302388e+02
3.481416687089595143e+02
3.481419926466278980e+02
3.481414708177366606e+02
3.481412568588406771e+02
3.481410788506636891e+02
3.481409816552164216e+02
3.481409477422145073e+02
3.481409717299701470e+02
3.481409992007931464e+02
3.481409568937791619e+02
3.481407831540531106e+02
3.481406080334450621e+02
3.481405246346297986e+02
3.481404404058952764e+02
3.481403021858241686e+02
3.481403479493045552e+02
3.481405028496124032e+02
3.481406746313040799e+02
3.481408630620354074e+02
3.481412144972456417e+02
3.481414756773523322e+02
3.481417451776183043e+02
3.481410517087257972e+02
3.481409192590738257e+02
3.481408104369309058e+02
3.481407199820641267e+02
3.481406477541827371e+02
3.481406033349036306e+02
3.481405628467822453e+02
3.481404990864209026e+02
3.481403315435658783e+02
3.481401260950372034e+02
3.481400241934136943e+02
3.481399694265813878e+02
3.481399126614457487e+02
3.481399879811278311e+02
3.481402103643846999e+02
3.481404737721594529e+02
3.481407125980479123e+02
3.481411010238713857e+02
3.481413746195467525e+02
3.481416243759981057e+02
3.481407396442732534e+02
3.481406515938616053e+02
3.481405643185104850e+02
3.481404820025306890e+02
3.481404060800360867e+02
3.481403467624555219e+02
3.481402966031269557e+02
3.481402286207421639e+02
3.481400562974062609e+02
3.481397145368986799e+02
3.481394861494870270e+02
3.481394115007151981e+02
3.481394267386623937e+02
3.481395627263391361e+02
3.481398656866933266e+02
3.481402215109053486e+02
3.481405192339594237e+02
3.481409999059790152e+02
3.481413598419403570e+02
3.481415891945644603e+02
3.481405655994047379e+02
3.481404794620641496e+02
3.481403923579908337e+02
3.481403023877276155e+02
3.481402338134407728e+02
3.481402121310801476e+02
3.481402327041739682e+02
3.481402870834106125e+02
3.481402757036509570e+02
3.481399042765678473e+02
3.481391671001409236e+02
3.481390188161061587e+02
3.481390095318570275e+02
3.481391845309198061e+02
3.481395639955167667e+02
3.481399898093729917e+02
3.481403276676307996e+02
3.481408370777600680e+02
3.481413015700169922e+02
3.481415857644166749e+02

3.481550800250641942e+02
3.481552564174098734e+02
3.481553163918472364e+02
3.481553498292336144e+02
3.481553701473924889e+02
3.481553140445470831e+02
3.481551636112383221e+02
3.481550161213607453e+02
3.481549577049807453e+02
3.481549670088354560e+02
3.481550546583014238e+02
3.481552097189032793e+02
3.481553478317263171e+02
3.481554405550502338e+02
3.481554565501522234e+02
3.481554227106862527e+02
3.481553948615004401e+02
3.481553982179144668e+02
3.481554725519372937e+02
3.481555733383914344e+02
3.481549182604296107e+02
3.481551222747352199e+02
3.481552734103694320e+02
3.481553209211342050e+02
3.481553609718765188e+02
3.481553606543590149e+02
3.481552907782595980e+02
3.481551540829885880e+02
3.481550308390483792e+02
3.481550655139362220e+02
3.481552777432735297e+02
3.481554722964808093e+02
3.481556477454098513e+02
3.481557810310171135e+02
3.481557913335025773e+02
3.481557060904902983e+02
3.481556453947815726e+02
3.481556209223804217e+02
3.481556315741148069e+02
3.481556855790853433e+02
3.481548690266212702e+02
3.481549320110023586e+02
3.481551593153393469e+02
3.481552720355334145e+02
3.481553194653290575e+02
3.481553572851526610e+02
3.481553535560088335e+02
3.481552626776474426e+02
3.481550853314830078e+02
3.481551487117885699e+02
3.481554407761676657e+02
3.481557228868989000e+02
3.481559401459253991e+02
3.481559860298568765e+02
3.481560267958197414e+02
3.481560284373092031e+02
3.481559275193540657e+02
3.481558448230053386e+02
3.481557887386867378e+02
3.481557550604757694e+02
3.481549672431598879e+02
3.481547986290043468e+02
3.481549385364390901e+02
3.481551630394978361e+02
3.481552523116848192e+02
3.481553068080561957e+02
3.481553200636907377e+02
3.481552162141462645e+02
3.481550617284471514e+02
3.481551915601021392e+02
3.481555233197427128e+02
3.481558851269522279e+02
3.481558643260606800e+02
3.481557382331191661e+02
3.481557577560972163e+02
3.481559723899567302e+02
3.481561574709984370e+02
3.481559543711525180e+02
3.481558592179243874e+02
3.481558197005488182e+02
3.481550326498942809e+02
3.481548413865464795e+02
3.481547236959510769e+02
3.481549343846749593e+02
3.481551516638169232e+02
3.481552305125247813e+02
3.481552634066578662e+02
3.481552154119218017e+02
3.481550584266311148e+02
3.481552179140180669e+02
3.481555759102864158e+02
3.481559413882455942e+02
3.481558027304125176e+02
3.481555620192750666e+02
3.481555301378253375e+02
3.481558969681724989e+02
3.481562263462857914e+02
3.481561101199170025e+02
3.481559616820151177e+02
3.481559355059098948e+02
3.481549640623173900e+02
3.481548774190076756e+02
3.481546717302308593e+02
3.481547019067575093e+02
3.481550238864510334e+02
3.481551467916447109e+02
3.481551975764459144e+02
3.481552134557735485e+02
3.481550920953547461e+02
3.481551985832067544e+02
3.481555890201497618e+02
3.481559845828133462e+02
3.481559324640537056e+02
3.481555924688591972e+02
3.481554089269550900e+02
3.481559652388809241e+02
3.481563404364624716e+02
3.481561885810280614e+02
3.481560755984078810e+02
3.481560612185197670e+02
3.481548242624198792e+02
3.481547612833023209e+02
3.481546030061447823e+02
3.481545194583066518e+02
3.481548601685352651e+02
3.481550261447887920e+02
3.481551122262371223e+02
3.481551852446485213e+02
3.481551355913655925e+02
3.481551756586517854e+02
3.481555804712008353e+02
3.481559796971446303e+02
3.481560211284912043e+02
3.481537650811762887e+02
3.481436529614036886e+02
3.481537483397061123e+02
3.481561986742013914e+02
3.481562111998363207e+02
3.481561189805413505e+02
3.481560812660069359e+02
3.481545858930799113e+02
3.481545043378438322e+02
3.481543494773509906e+02
3.481542731276409768e+02
3.481546064358495300e+02
3.481547961218140017e+02
3.481549301666497627e+02
3.481550667978544880e+02
3.481551303826174717e+02
3.481551541437827950e+02
3.481554678919016510e+02
3.481550869332989464e+02
3.481440559133275201e+02
3.480490872227318278e+02
3.476568223273832814e+02
3.480451494014542959e+02
3.481436002640372749e+02
3.481555574526083205e+02
3.481560824773011973e+02
3.481560220351638577e+02
3.481541427352137816e+02
3.481540647276326013e+02
3.481539451691358522e+02
3.481539007551148757e+02
3.481541586827009951e+02
3.481543178976393733e+02
3.481544539266428160e+02
3.481546354535450973e+02
3.481548472103066274e+02
3.481549547408225180e+02
3.481528310570220697e+02
3.481197958714330412e+02
3.477787605200076655e+02
3.458929386214136912e+02
3.399285725935634446e+02
3.458521765385085018e+02
3.477659267554271878e+02
3.481261398875815871e+02
3.481543619105196967e+02
3.481558829479990891e+02
3.481535432689623804e+02
3.481534737691121109e+02
3.481534055538164694e+02
3.481533033153233418e+02
3.481533745235869333e+02
3.481534587566265486e+02
3.481536282198842969e+02
3.481538917260793369e+02
3.481538587406272995e+02
3.481458173397282962e+02
3.480336593228392417e+02
3.471006267422357041e+02
3.427272491556794876e+02
3.305720759169853409e+02
3.151231634043043073e+02
3.296382802085607295e+02
3.420155229242217843e+02
3.469042625476337776e+02
3.480184961631630927e+02
3.481487091356519272e+02
3.481528481504929005e+02
3.481527962647579102e+02
3.481527260851390793e+02
3.481525904235050461e+02
3.481525871670265815e+02
3.481526519540844333e+02
3.481528215795908636e+02
3.481531379216646087e+02
3.481535176227712327e+02
3.481531817181774500e+02
3.481417718683220528e+02
3.480332628611103019e+02
3.473703117941537357e+02
3.448055938243515470e+02
3.382605445363518015e+02
3.446361153563724997e+02
3.472228428914883125e+02
3.479955617065580782e+02
3.481389522812175414e+02
3.481547263673821817e+02
3.481520990956257151e+02
3.481520466380782750e+02
3.481519840987313046e+02
3.481518320881441468e+02
3.481518059768034163e+02
3.481518547738332359e+02
3.481519798881221277e+02
3.481522518293205621e+02
3.481526485379371252e+02
3.481530897953460908e+02
3.481527306982159189e+02
3.481440709609543092e+02
3.480793555741927889e+02
3.477651003910899590e+02
3.468757725192123189e+02
3.477238376761716836e+02
3.480571105052989083e+02
3.481396265533037422e+02
3.481536956589576448e+02
3.481550937056682073e+02
3.481513013309981375e+02
3.481512345087700737e+02
3.481512088839284047e+02
3.481510445661943436e+02
3.481509854342116910e+02
3.481509920170159376e+02
3.481510668528343899e+02
3.481512820795141465e+02
3.481516225699660367e+02
3.481520635394288661e+02
3.481524707544327839e+02
3.481522757463101243e+02
3.481475099748849971e+02
3.481197835416818407e+02
3.480329762140659113e+02
3.481144071546838177e+02
3.481454859504539172e+02
3.481529338339113337e+02
3.481540951736499210e+02
3.481541474409048647e+02
3.481504561808751532e+02
3.481503908922979917e+02
3.481503678639269879e+02
3.481502417383393890e+02
3.481501752669429379e+02
3.481501604884758763e+02
3.481501918160910236e+02
3.481503269068488748e+02
3.481505949492751597e+02
3.481509462419529086e+02
3.481513199820161049e+02
3.481516549681741139e+02
3.481516269055433668e+02
3.481497267173825207e+02
3.481428745474381685e+02
3.481495709091108210e+02
3.481521807272758338e+02
3.481528012091587811e+02
3.481528640275735142e+02
3.481528909475815112e+02
3.481495528110556847e+02
3.481494860673607263e+02
3.481494931017742829e+02
3.481494407635693733e+02
3.481493533218016410e+02
3.481493080956125823e+02
3.481493395965889022e+02
3.481494632706647394e+02
3.481496709746854208e+02
3.481499333711464033e+02
3.481502175993491051e+02
3.481505151883751523e+02
3.481507696805962837e+02
3.481508521043489850e+02
3.481505249130202060e+02
3.481511579297911680e+02
3.481514295744005381e+02
3.481515038306820315e+02
3.481515698892577007e+02
3.481516072469608503e+02
3.481486180195627753e+02
3.481485678884009189e+02
3.481486019990678074e+02
3.481484866520780770e+02
3.481483346481969647e+02
3.481482408139140148e+02
3.481482870168123895e+02
3.481484642303830697e+02
3.481487253663764250e+02
3.481490149920495014e+02
3.481492638988307249e+02
3.481494765667635534e+02
3.481496777402036287e+02
3.481498483179412347e+02
3.481499577736782385e+02
3.481500994953357235e+02
3.481501956029747475e+02
3.481502925596192881e+02
3.481502774579666379e+02
3.481500679792463870e+02
3.481477121639921961e+02
3.481476869479849370e+02
3.481475779667570691e+02
3.481472720075910843e+02
3.481469912590881108e+02
3.481468508113219968e+02
3.481469295070372709e+02
3.481472190788589955e+02
3.481475920040078904e+02
3.481479756351033643e+02
3.481483279365602357e+02
3.481486023803065564e+02
3.481487843606250863e+02
3.481489015431496341e+02
3.481489790699524178e+02
3.481490357368965647e+02
3.481490665303446690e+02
3.481489085488770456e+02
3.481485827532675330e+02
3.481481402286975140e+02
3.481468482408054115e+02
3.481467241553596068e+02
3.481463670300992135e+02
3.481458511241347082e+02
3.481455929218377037e+02
3.481455239142111395e+02
3.481456313480565541e+02
3.481459291473572080e+02
3.481463876049671171e+02
3.481469004521658803e+02
3.481473696891098371e+02
3.481476765785690191e+02
3.481478081974506722e+02
3.481478291694119207e+02
3.481477944994250038e+02
3.481477258211794492e+02
3.481475784311838879e+02
3.481469937798162846e+02
3.481465859764548441e+02
3.481462419662595380e+02
3.481460064225783526e+02
3.481456664051826237e+02
3.481450279894581854e+02
3.481445767278092376e+02
3.481444341980027843e+02
3.481444899535910622e+02
3.481447837578295434e+02
3.481453387252334437e+02
3.481461165822011594e+02
3.481472179469626553e+02
3.481474622885203303e+02
3.481472584091249018e+02
3.481468997420933533e+02
3.481465480991134882e+02
3.481462493991505767e+02
3.481459934465648871e+02
3.481457204968817791e+02
3.481451600084671441e+02
3.481447914134282087e+02
3.481444987607873713e+02
3.481452809325498947e+02
3.481446398789830141e+02
3.481439657013921192e+02
3.481436485657783351e+02
3.481435506719091109e+02
3.481437561902204720e+02
3.481445611759874623e+02
3.481467125209831579e+02
3.481520272718806268e+02
3.481708718958271334e+02
3.481542108860115832e+02
3.481490131220540434e+02
3.481466995089942884e+02
3.481455792693832905e+02
3.481450088830104619e+02
3.481446804981258651e+02
3.481443964888268852e+02
3.481439033789280302e+02
3.481434406110367377e+02
3.481431586405956295e+02

3.481466996760789812e+02
3.481466665038259407e+02
3.481466564246243820e+02
3.481466704616746028e+02
3.481467077253039974e+02
3.481467570502731519e+02
3.481468144203802240e+02
3.481468779893473311e+02
3.481469445067663173e+02
3.481470128229850047e+02
3.481471325398225076e+02
3.481473448291687305e+02
3.481475490481596466e+02
3.481477309606800645e+02
3.481478974376609585e+02
3.481480660188022398e+02
3.481482391547652924e+02
3.481483888381312113e+02
3.481484997638984851e+02
3.481486017843956802e+02
3.481467294470348861e+02
3.481466786471982005e+02
3.481466549246443378e+02
3.481466551252796648e+02
3.481466839525817818e+02
3.481467281643819547e+02
3.481467802324257264e+02
3.481468361108529166e+02
3.481469136251943723e+02
3.481470858996548259e+02
3.481473209531806674e+02
3.481475387416560920e+02
3.481477226215315000e+02
3.481478900279324762e+02
3.481480521931695193e+02
3.481482147226834059e+02
3.481483833871026263e+02
3.481485271262928336e+02
3.481486397481863264e+02
3.481487301683214355e+02
3.481467629354122550e+02
3.481466900157934106e+02
3.481466498847226489e+02
3.481466374041179961e+02
3.481466545412243931e+02
3.481466955725842922e+02
3.481467429226419199e+02
3.481468291806505704e+02
3.481470077756802652e+02
3.481472658819194521e+02
3.481475301119762662e+02
3.481477323010115015e+02
3.481478930246163372e+02
3.481480567480624018e+02
3.481482252939237583e+02
3.481483925239818404e+02
3.481485619917152690e+02
3.481486966179686533e+02
3.481487904656385695e+02
3.481488441951510140e+02
3.481468060941462568e+02
3.481467088192210326e+02
3.481466480871743556e+02
3.481466192282577481e+02
3.481466221033340389e+02
3.481466613585923255e+02
3.481467764752719063e+02
3.481469486542997060e+02
3.481471616828421247e+02
3.481474178139827700e+02
3.481476735868104697e+02
3.481478763751254633e+02
3.481480448660368552e+02
3.481482158586334208e+02
3.481483887129170398e+02
3.481485618639505901e+02
3.481487337851288544e+02
3.481488437689784519e+02
3.481489164285438278e+02
3.481489477704994329e+02
3.481468540317860629e+02
3.481467401102234476e+02
3.481466538720897574e+02
3.481466033402390963e+02
3.481465997366862553e+02
3.481466888313398726e+02
3.481468501197616661e+02
3.481470460458343723e+02
3.481472789137632162e+02
3.481475377237029534e+02
3.481477828410110646e+02
3.481480022740550453e+02
3.481481962140265409e+02
3.481483812465078245e+02
3.481485579608504395e+02
3.481487378143948490e+02
3.481489093330167179e+02
3.481490141349347027e+02
3.481490933827800518e+02
3.481491323760857313e+02
3.481469110209284850e+02
3.481467601940159398e+02
3.481466569376002553e+02
3.481465979439216198e+02
3.481466368463275671e+02
3.481467577281607078e+02
3.481469376375422371e+02
3.481471598397097296e+02
3.481474031921849814e+02
3.481476467387770981e+02
3.481478996037421894e+02
3.481481583593192681e+02
3.481483711008461910e+02
3.481485576962964501e+02
3.481487126170935085e+02
3.481489449296321368e+02
3.481491443094405440e+02
3.481492493518676952e+02
3.481493034383719873e+02
3.481492732792217453e+02
3.481469553150987508e+02
3.481467699056340734e+02
3.481466566759994521e+02
3.481466138175806009e+02
3.481466845780489621e+02
3.481468338972316587e+02
3.481470493624929645e+02
3.481472851668764861e+02
3.481475355460148080e+02
3.481477916111549575e+02
3.481480996059176505e+02
3.481483478191721588e+02
3.481483751494159833e+02
3.481472832642066351e+02
3.481429854691983223e+02
3.481482124826414406e+02
3.481493434927880344e+02
3.481494975059954413e+02
3.481495058532700568e+02
3.481494465641229112e+02
3.481469358952904258e+02
3.481467848304336599e+02
3.481466789869020886e+02
3.481466394082347051e+02
3.481467459938688194e+02
3.481469295335784295e+02
3.481471704238367693e+02
3.481474277345578230e+02
3.481477175868852783e+02
3.481480943431443507e+02
3.481483106146915247e+02
3.481473361874784018e+02
3.481333635534826954e+02
3.480470854004357761e+02
3.477576975904756296e+02
3.480762815051566577e+02
3.481419701110795017e+02
3.481493330923894973e+02
3.481496832827155004e+02
3.481496200331839077e+02
3.481468674970044503e+02
3.481467587464630355e+02
3.481466992810148895e+02
3.481466951354705657e+02
3.481468091693201359e+02
3.481470011624221570e+02
3.481472536730246929e+02
3.481475706177502616e+02
3.481479834091815064e+02
3.481481149989182882e+02
3.481442556146100173e+02
3.480955289724189470e+02
3.476615630245406123e+02
3.456469461748075105e+02
3.399950542476682358e+02
3.460639397803169004e+02
3.478277281634802307e+02
3.481271844468902259e+02
3.481487936288341984e+02
3.481497049495949909e+02
3.481467655718122387e+02
3.481466862181349597e+02
3.481466741072596847e+02
3.481466904715424562e+02
3.481467990806932562e+02
3.481469875296695591e+02
3.481472518081272938e+02
3.481475668585119934e+02
3.481471242217776876e+02
3.481324448997556829e+02
3.479599155982567140e+02
3.467021190090086975e+02
3.414144509689904226e+02
3.285692581065972036e+02
3.145530219219368178e+02
3.293318854186272802e+02
3.422586534222301680e+02
3.470761803266755692e+02
3.480514377502207140e+02
3.481456506848809340e+02
3.481466224883685641e+02
3.481465724543107854e+02
3.481465962576872357e+02
3.481466105999109573e+02
3.481467053542377244e+02
3.481468738523285538e+02
3.481470922978893441e+02
3.481474063410233271e+02
3.481477379339235654e+02
3.481465247953242397e+02
3.481267593528118596e+02
3.479632346101076905e+02
3.470894653052590115e+02
3.441532600879031065e+02
3.374802268339131501e+02
3.447190392892059094e+02
3.473600208438190293e+02
3.480386062567351928e+02
3.481406655037405358e+02
3.481492526129271141e+02
3.481464125561666378e+02
3.481464015949526924e+02
3.481464585738434607e+02
3.481464590575839111e+02
3.481465250566215559e+02
3.481466496663185239e+02
3.481467998266369932e+02
3.481470528239630653e+02
3.481474218219104273e+02
3.481477750888880678e+02
3.481465423590943260e+02
3.481315218897078125e+02
3.480372022601072217e+02
3.476499603375600600e+02
3.467634924033441735e+02
3.477624389932766462e+02
3.480788694372478176e+02
3.481410684459277149e+02
3.481488884126101198e+02
3.481492854838258495e+02
3.481461361668016821e+02
3.481461470332636736e+02
3.481462227935297733e+02
3.481462168541759752e+02
3.481462508897853922e+02
3.481463341809013059e+02
3.481464344583841921e+02
3.481466290046939775e+02
3.481469442249683084e+02
3.481473526177110784e+02
3.481476605454628270e+02
3.481468410372314679e+02
3.481389223704186975e+02
3.481021501079871427e+02
3.480155767563526297e+02
3.481154149970171261e+02
3.481434579806077636e+02
3.481483413722260707e+02
3.481487345599320520e+02
3.481485526609185399e+02
3.481457875790516141e+02
3.481458160756335474e+02
3.481459027809248141e+02
3.481459090903691731e+02
3.481459099784322007e+02
3.481459652985984121e+02
3.481460395558198115e+02
3.481461867174681970e+02
3.481464625397831014e+02
3.481468086729403808e+02
3.481471371300969508e+02
3.481473615686089715e+02
3.481469905165999421e+02
3.481441339705064593e+02
3.481373271457336500e+02
3.481455354848489492e+02
3.481476517202567038e+02
3.481479070167693521e+02
3.481477822564309577e+02
3.481475664646646351e+02
3.481453612828454993e+02
3.481453982753017726e+02
3.481454999619508044e+02
3.481455426565129869e+02
3.481455254245537958e+02
3.481455629395343294e+02
3.481456361339234604e+02
3.481457560233693016e+02
3.481459646770715040e+02
3.481462243799806515e+02
3.481464772538555508e+02
3.481467070057411775e+02
3.481468712607259590e+02
3.481467658149048248e+02
3.481463039784976559e+02
3.481468592500181671e+02
3.481469509311898491e+02
3.481468571144499151e+02
3.481467426252231689e+02
3.481465436514043290e+02
3.481448900419571828e+02
3.481449401876301408e+02
3.481450507332340862e+02
3.481451118135894944e+02
3.481451092358440746e+02
3.481451242082640078e+02
3.481451660373362529e+02
3.481452485087891660e+02
3.481453998963963272e+02
3.481456033262826395e+02
3.481458143358361781e+02
3.481460061799185155e+02
3.481461305008990053e+02
3.481461289459462591e+02
3.481460239223734447e+02
3.481459815363959933e+02
3.481458967856121376e+02
3.481457448813332007e+02
3.481456699465661586e+02
3.481455527203817155e+02
3.481443631517220183e+02
3.481444236181725955e+02
3.481444996107122165e+02
3.481445477715635093e+02
3.481445703646209040e+02
3.481445850813589686e+02
3.481446152340397475e+02
3.481446915723202551e+02
3.481448372205010173e+02
3.481450461618142640e+02
3.481452376991110782e+02
3.481453514723076523e+02
3.481453302610958644e+02
3.481452229998108692e+02
3.481450872104525160e+02
3.481449619194173692e+02
3.481448431431188624e+02
3.481446657659142261e+02
3.481445963456617392e+02
3.481445397212919488e+02
3.481437661488942581e+02
3.481437993697576871e+02
3.481438329904802345e+02
3.481438805111055785e+02
3.481439453246740072e+02
3.481440276244757115e+02
3.481441267580639760e+02
3.481442492638856265e+02
3.481444221286049583e+02
3.481446780847715559e+02
3.481448546897823348e+02
3.481448172061942046e+02
3.481445952587641273e+02
3.481443699532591722e+02
3.481441697973904184e+02
3.481439986993767093e+02
3.481438647285335719e+02
3.481436633583356866e+02
3.481435729693750432e+02
3.481435150034247386e+02
3.481431433968685951e+02
3.481431436879018975e+02
3.481431578574828904e+02
3.481432001335346627e+02
3.481433013363549662e+02
3.481434932116661685e+02
3.481438299344022198e+02
3.481443388697773003e+02
3.481449753984199447e+02
3.481458492601767603e+02
3.481456768167042242e+02
3.481450162403041304e+02
3.481442806002222596e+02
3.481437510773753274e+02
3.481433908467728884e+02
3.481431524730595584e+02
3.481429971319851120e+02
3.481427737906872721e+02
3.481426677381207355e+02
3.481426161488280968e+02
3.481425890580017040e+02
3.481425552084829746e+02
3.481425247716996410e+02
3.481425275074150818e+02
3.481426215953361520e+02
3.481429468521959052e+02
3.481438526198388672e+02
3.481461352845958004e+02
3.481516272334228574e+02
3.481706813368683129e+02
3.481531501420437280e+02
3.481472775490065601e+02
3.481446150658858301e+02
3.481433545438799797e+02
3.481427501107584703e+02
3.481424538492023544e+02
3.481422894325769448e+02
3.481420992992895549e+02
3.481420475913247969e+02
3.481420457384026577e+02

3.481487718452303284e+02
3.481487432658735202e+02
3.481488397238780408e+02
3.481489244915761105e+02
3.481488995540523774e+02
3.481487327865863222e+02
3.481485435029149471e+02
3.481484053115676716e+02
3.481482611793249475e+02
3.481481434915528439e+02
3.481480988952103530e+02
3.481480996020121097e+02
3.481481522672972915e+02
3.481482903504837054e+02
3.481485055613321720e+02
3.481488761834646652e+02
3.481493178908547179e+02
3.481495911336405129e+02
3.481496922581366107e+02
3.481497508766612441e+02
3.481488391301309662e+02
3.481487379819164971e+02
3.481487575066292379e+02
3.481488795520210147e+02
3.481489258569618528e+02
3.481488399030574215e+02
3.481486744093361949e+02
3.481485294341487133e+02
3.481484101489356249e+02
3.481483597231483031e+02
3.481484322437301557e+02
3.481485062737290264e+02
3.481485688435311090e+02
3.481486610511863660e+02
3.481487959290242884e+02
3.481490477185641907e+02
3.481494040374155361e+02
3.481496767157591989e+02
3.481497731087647480e+02
3.481498099451900998e+02
3.481488630555193708e+02
3.481487797367073540e+02
3.481487030948634924e+02
3.481487918119154870e+02
3.481489014904552732e+02
3.481488972209359076e+02
3.481488018384520728e+02
3.481486981631368280e+02
3.481486698295616407e+02
3.481487419325707720e+02
3.481488229050141854e+02
3.481488862579529950e+02
3.481489511064863223e+02
3.481490385083932892e+02
3.481491344515578703e+02
3.481492891384768313e+02
3.481495739115264314e+02
3.481497415094256667e+02
3.481498217387616592e+02
3.481498425020395189e+02
3.481488075993963207e+02
3.481488061205747044e+02
3.481487156633259588e+02
3.481486854110721083e+02
3.481488133086750167e+02
3.481488944435549229e+02
3.481489355506532206e+02
3.481489717783371134e+02
3.481490472062119466e+02
3.481491717017095198e+02
3.481492891922565036e+02
3.481493399146417573e+02
3.481493744277018436e+02
3.481494346705057978e+02
3.481494662272856999e+02
3.481495219822839431e+02
3.481496635519846450e+02
3.481497895211314813e+02
3.481498302382423731e+02
3.481498407658459087e+02
3.481486515440869312e+02
3.481487443742905157e+02
3.481487392030713295e+02
3.481486459599656769e+02
3.481486718857098026e+02
3.481488514864898889e+02
3.481490165710702058e+02
3.481491548826120948e+02
3.481492963101885607e+02
3.481494502039919325e+02
3.481495538379501795e+02
3.481496215462618125e+02
3.481496813415194538e+02
3.481497342208309647e+02
3.481497456894556990e+02
3.481497206835609290e+02
3.481497471541038635e+02
3.481497745441681673e+02
3.481498018559631760e+02
3.481498435298876757e+02
3.481484247179301974e+02
3.481485698869530552e+02
3.481486624070596463e+02
3.481486498668563172e+02
3.481486572677520712e+02
3.481488655711802949e+02
3.481491128476297945e+02
3.481493416535573147e+02
3.481495225404739244e+02
3.481496690421878952e+02
3.481497768102418604e+02
3.481498490007239752e+02
3.481499234670884562e+02
3.481499826017964097e+02
3.481499951849659169e+02
3.481499333106295353e+02
3.481498582494752441e+02
3.481498607417447602e+02
3.481498630146242022e+02
3.481499061673019355e+02
3.481481715450504453e+02
3.481483175451884904e+02
3.481485034027190295e+02
3.481486439838680553e+02
3.481487480917642756e+02
3.481489995579568699e+02
3.481493096534765641e+02
3.481495822053274765e+02
3.481497727005867091e+02
3.481500768436420685e+02
3.481502119252544389e+02
3.481501816079178866e+02
3.481502372458003265e+02
3.481502650091431974e+02
3.481502422083738111e+02
3.481501974147850547e+02
3.481500697404150628e+02
3.481499803698644655e+02
3.481499845717605126e+02
3.481499843726860490e+02
3.481478962806796176e+02
3.481480803777250230e+02
3.481483282822970864e+02
3.481485841074267569e+02
3.481488059434505544e+02
3.481491417116003504e+02
3.481494836406647551e+02
3.481497881574786106e+02
3.481501575861928472e+02
3.481504098326767007e+02
3.481505926140870884e+02
3.481507374687548122e+02
3.481506795577839739e+02
3.481501921043773109e+02
3.481478211921979096e+02
3.481501002145948860e+02
3.481503268789539334e+02
3.481501382032317338e+02
3.481500981672062949e+02
3.481500546729318444e+02
3.481476506908629176e+02
3.481478712435659872e+02
3.481481350888957991e+02
3.481484654810948882e+02
3.481487940065787825e+02
3.481491865821089391e+02
3.481495545147528787e+02
3.481499033580078617e+02
3.481502314077988558e+02
3.481504747283055394e+02
3.481506956545635489e+02
3.481506160398369616e+02
3.481469630724867557e+02
3.481178552732897629e+02
3.479880902695068130e+02
3.481234914070495847e+02
3.481481682853586790e+02
3.481502306062527623e+02
3.481501645748159603e+02
3.481499947000391444e+02
3.481473673266606852e+02
3.481475983115819872e+02
3.481478840569498061e+02
3.481482826201511216e+02
3.481486501335616595e+02
3.481490822729780348e+02
3.481494404130611997e+02
3.481497565697895311e+02
3.481500101954474644e+02
3.481501913145364142e+02
3.481491757108080947e+02
3.481336856008693417e+02
3.480002966487823528e+02
3.472458335734741013e+02
3.445212721704530736e+02
3.473059419430443882e+02
3.480304449230960131e+02
3.481403593611034353e+02
3.481495879245854326e+02
3.481497946747609831e+02
3.481469780588118397e+02
3.481472200945134432e+02
3.481475059944877444e+02
3.481479210875883155e+02
3.481483022620409429e+02
3.481487393744018846e+02
3.481490394510035458e+02
3.481492884121510087e+02
3.481495003990283408e+02
3.481497050867552616e+02
3.481498576955834778e+02
3.481489470282855336e+02
3.481399405644752392e+02
3.480889500030580734e+02
3.479039186550538716e+02
3.480993716695687681e+02
3.481431951298845888e+02
3.481492680501226573e+02
3.481496397845099295e+02
3.481493874041636332e+02
3.481464937886699431e+02
3.481467256612488086e+02
3.481469810794675368e+02
3.481473464755288205e+02
3.481477293542097868e+02
3.481481237689455384e+02
3.481483853197561302e+02
3.481485809863849568e+02
3.481487594272268211e+02
3.481489343969951165e+02
3.481491292790057059e+02
3.481492430387730224e+02
3.481489136635356090e+02
3.481465385853459793e+02
3.481389040812141502e+02
3.481471633233957732e+02
3.481489384016180679e+02
3.481490780741018511e+02
3.481489828718615627e+02
3.481487358777341115e+02
3.481459316937504695e+02
3.481461579742277763e+02
3.481463659324798527e+02
3.481466360393981176e+02
3.481469542559782440e+02
3.481472568694207439e+02
3.481474938397062147e+02
3.481476715213284479e+02
3.481478007602042908e+02
3.481479047599003707e+02
3.481480322938770655e+02
3.481481501750143934e+02
3.481482218982800418e+02
3.481481303308659108e+02
3.481477432656715223e+02
3.481481538919210266e+02
3.481482183548532134e+02
3.481481969077392478e+02
3.481481121803506653e+02
3.481479143514198427e+02
3.481452974009280297e+02
3.481455060229831133e+02
3.481456931537497894e+02
3.481458926873108339e+02
3.481460824827123588e+02
3.481463134770619376e+02
3.481464935482623559e+02
3.481466260980658376e+02
3.481467400870661209e+02
3.481468295674465594e+02
3.481469247252926493e+02
3.481470284418156211e+02
3.481471125714388108e+02
3.481471668541635154e+02
3.481471794526449912e+02
3.481472373897187822e+02
3.481472626531985384e+02
3.481472577145663649e+02
3.481471707777183155e+02
3.481470122545097183e+02
3.481446240420953586e+02
3.481448159644136808e+02
3.481449861276685169e+02
3.481451508491104505e+02
3.481452673543288938e+02
3.481454035300245096e+02
3.481455498107712287e+02
3.481456809824369429e+02
3.481457863254349263e+02
3.481458673573782789e+02
3.481459343225600378e+02
3.481460232270210327e+02
3.481461220800077854e+02
3.481462129640378862e+02
3.481462813449334135e+02
3.481463346524853932e+02
3.481463609591424415e+02
3.481463100541118934e+02
3.481462244485680344e+02
3.481460935246918780e+02
3.481439467057263641e+02
3.481441152770082681e+02
3.481442612526665243e+02
3.481443970831117554e+02
3.481444905984556044e+02
3.481445708519590880e+02
3.481446612944445747e+02
3.481447686594570996e+02
3.481448820769805934e+02
3.481449843561892408e+02
3.481450459869735141e+02
3.481451286305887152e+02
3.481452699573013660e+02
3.481453627280477008e+02
3.481454177928102354e+02
3.481454478112870561e+02
3.481454537181521687e+02
3.481453799514931120e+02
3.481453046674845950e+02
3.481451986137055314e+02
3.481432871856792417e+02
3.481434268140613426e+02
3.481435406531959984e+02
3.481436393920672003e+02
3.481437100185234499e+02
3.481437624798920751e+02
3.481438073273616851e+02
3.481438703671680628e+02
3.481439675158525802e+02
3.481440881928978683e+02
3.481441781373582671e+02
3.481442718433331720e+02
3.481444235550703183e+02
3.481445035178276726e+02
3.481445359753941489e+02
3.481445518389959375e+02
3.481445499295999184e+02
3.481444765905187069e+02
3.481444236408581787e+02
3.481443346230354905e+02
3.481426837310850146e+02
3.481427903321105646e+02
3.481428621460319732e+02
3.481429125299076190e+02
3.481429413229089391e+02
3.481429528884058868e+02
3.481429560191534733e+02
3.481429701028692989e+02
3.481430232583579709e+02
3.481431386607974900e+02
3.481432663345618153e+02
3.481433955444748563e+02
3.481435545418405013e+02
3.481436540224523242e+02
3.481436824854233123e+02
3.481436935833194752e+02
3.481437109192793855e+02
3.481436396221563427e+02
3.481435964071702074e+02
3.481435349129165502e+02
3.481421799479403489e+02
3.481422481687674804e+02
3.481422761315987486e+02
3.481422739112703084e+02
3.481422418447381233e+02
3.481421921347807711e+02
3.481421384113151589e+02
3.481420857350002507e+02
3.481420568265244810e+02
3.481421341169858010e+02
3.481423498185689596e+02
3.481425635878341041e+02
3.481427690104377461e+02
3.481429080167363850e+02
3.481429550848037593e+02
3.481429846786546705e+02
3.481430209561283959e+02
3.481429519071395475e+02
3.481429290033686357e+02
3.481429008134080618e+02
3.481418461685649390e+02
3.481418767094009468e+02
3.481418576391509418e+02
3.481418041440434763e+02
3.481417243635534646e+02
3.481416099951268279e+02
3.481414859550877168e+02
3.481413709758567734e+02
3.481412521401969116e+02
3.481413784526766335e+02
3.481416380205751011e+02
3.481419164973289639e+02
3.481421752904269624e+02
3.481423761291009669e+02
3.481424666437234237e+02
3.481425330110332652e+02
3.481425803471669838e+02
3.481425559756780217e+02
3.481425575581286012e+02
3.481425719968448220e+02
/